0 0.739726027 0.879396985 0.100456621 0.033500838
0 0.924657534 0.897822446 0.077625571 0.023450586
0 0.831050228 0.917085427 0.073059361 0.018425461
0 0.716894977 0.908710218 0.073059361 0.015075377
0 0.680365297 0.931323283 0.073059361 0.020100503
0 0.586757991 0.933835846 0.068493151 0.021775544
0 0.502283105 0.905360134 0.082191781 0.021775544
0 0.541095890 0.878559464 0.077625571 0.021775544
0 0.461187215 0.886934673 0.082191781 0.018425461
0 0.363013699 0.903685092 0.105022831 0.025125628
