0 0.850543478 0.920869565 0.081521739 0.026086957
0 0.790760870 0.945217391 0.081521739 0.026086957
0 0.725543478 0.922608696 0.059782609 0.022608696
0 0.567934783 0.893913043 0.081521739 0.020869565
0 0.358695652 0.884347826 0.076086957 0.022608696
0 0.290760870 0.904347826 0.092391304 0.017391304
0 0.252717391 0.928695652 0.092391304 0.020869565
0 0.456521739 0.924347826 0.108695652 0.019130435
0 0.369565217 0.948695652 0.076086957 0.019130435
0 0.562500000 0.955652174 0.114130435 0.022608696
