0 0.330882353 0.313973064 0.083333333 0.045454545
0 0.441176471 0.347643098 0.058823529 0.045454545
0 0.166666667 0.487373737 0.058823529 0.038720539
0 0.825980392 0.540404040 0.093137255 0.037037037
0 0.879901961 0.788720539 0.083333333 0.042087542
0 0.490196078 0.879629630 0.068627451 0.021885522
0 0.549019608 0.895622896 0.078431373 0.013468013
0 0.561274510 0.911616162 0.083333333 0.015151515
0 0.664215686 0.924242424 0.073529412 0.026936027
0 0.340686275 0.918350168 0.112745098 0.025252525
