0 0.895480226 0.424347826 0.096045198 0.038260870
0 0.680790960 0.533913043 0.084745763 0.055652174
0 0.146892655 0.485217391 0.090395480 0.052173913
0 0.271186441 0.747826087 0.079096045 0.034782609
0 0.460451977 0.838260870 0.107344633 0.041739130
0 0.327683616 0.844347826 0.112994350 0.036521739
0 0.141242938 0.916521739 0.090395480 0.024347826
0 0.313559322 0.923478261 0.096045198 0.017391304
0 0.322033898 0.946956522 0.135593220 0.022608696
0 0.666666667 0.942608696 0.124293785 0.038260870
