0 0.418079096 0.903478261 0.101694915 0.026086957
0 0.471751412 0.926086957 0.107344633 0.019130435
0 0.330508475 0.953913043 0.096045198 0.029565217
0 0.564971751 0.950434783 0.135593220 0.015652174
0 0.641242938 0.964347826 0.096045198 0.015652174
0 0.779661017 0.953913043 0.124293785 0.022608696
0 0.802259887 0.923478261 0.090395480 0.031304348
0 0.635593220 0.881739130 0.084745763 0.020869565
0 0.607344633 0.906086957 0.062146893 0.020869565
0 0.666666667 0.925217391 0.079096045 0.017391304
