0 0.882352941 0.772046589 0.078431373 0.036605657
0 0.796568627 0.891014975 0.112745098 0.028286190
0 0.779411765 0.910981697 0.127450980 0.021630616
0 0.401960784 0.908485857 0.117647059 0.023294509
0 0.289215686 0.932612313 0.117647059 0.024958403
0 0.387254902 0.941763727 0.068627451 0.016638935
0 0.480392157 0.948419301 0.088235294 0.023294509
0 0.482843137 0.925956739 0.053921569 0.014975042
0 0.531862745 0.930948419 0.044117647 0.021630616
0 0.607843137 0.939267887 0.068627451 0.038269551
