0 0.777173913 0.272173913 0.119565217 0.050434783
0 0.116847826 0.159130435 0.103260870 0.046956522
0 0.826086957 0.570434783 0.108695652 0.038260870
0 0.853260870 0.626956522 0.076086957 0.033043478
0 0.565217391 0.688695652 0.119565217 0.041739130
0 0.500000000 0.885217391 0.130434783 0.024347826
0 0.543478261 0.909565217 0.097826087 0.017391304
0 0.548913043 0.950434783 0.076086957 0.026086957
0 0.358695652 0.944347826 0.119565217 0.027826087
0 0.225543478 0.907826087 0.103260870 0.048695652
