0 0.303921569 0.061447811 0.127450980 0.038720539
0 0.725490196 0.042929293 0.107843137 0.042087542
0 0.232843137 0.190235690 0.063725490 0.057239057
0 0.649509804 0.329124579 0.102941176 0.042087542
0 0.602941176 0.404882155 0.088235294 0.035353535
0 0.789215686 0.698653199 0.058823529 0.043771044
0 0.835784314 0.918350168 0.093137255 0.028619529
0 0.517156863 0.894781145 0.093137255 0.018518519
0 0.553921569 0.911616162 0.098039216 0.015151515
0 0.213235294 0.750000000 0.063725490 0.035353535
