0 0.805128205 0.791304348 0.082051282 0.031304348
0 0.769230769 0.835652174 0.071794872 0.029565217
0 0.828205128 0.911304348 0.076923077 0.031304348
0 0.576923077 0.885217391 0.117948718 0.024347826
0 0.579487179 0.913043478 0.092307692 0.017391304
0 0.397435897 0.920000000 0.097435897 0.017391304
0 0.348717949 0.934782609 0.092307692 0.022608696
0 0.487179487 0.943478261 0.082051282 0.019130435
0 0.656410256 0.933913043 0.082051282 0.013913043
0 0.623076923 0.947826087 0.097435897 0.017391304
