0 0.779411765 0.222129784 0.088235294 0.044925125
0 0.495098039 0.356905158 0.078431373 0.048252912
0 0.703431373 0.425124792 0.083333333 0.041597338
0 0.796568627 0.470049917 0.073529412 0.041597338
0 0.612745098 0.551580699 0.078431373 0.038269551
0 0.745098039 0.644758735 0.088235294 0.044925125
0 0.553921569 0.667221298 0.088235294 0.033277870
0 0.845588235 0.743760399 0.083333333 0.033277870
0 0.823529412 0.893510815 0.068627451 0.029950083
0 0.362745098 0.935108153 0.127450980 0.029950083
