0 0.774011299 0.072173913 0.146892655 0.040000000
0 0.508474576 0.072173913 0.124293785 0.036521739
0 0.158192090 0.060869565 0.112994350 0.027826087
0 0.822033898 0.724347826 0.084745763 0.057391304
0 0.194915254 0.860000000 0.084745763 0.036521739
0 0.124293785 0.917391304 0.101694915 0.026086957
0 0.268361582 0.894782609 0.107344633 0.019130435
0 0.372881356 0.882608696 0.079096045 0.043478261
0 0.502824859 0.897391304 0.101694915 0.038260870
0 0.627118644 0.946956522 0.158192090 0.029565217
