0 0.812820513 0.237391304 0.066666667 0.050434783
0 0.423076923 0.445217391 0.087179487 0.045217391
0 0.258974359 0.412173913 0.076923077 0.045217391
0 0.128205128 0.653043478 0.082051282 0.046956522
0 0.828205128 0.604347826 0.076923077 0.033043478
0 0.800000000 0.643478261 0.082051282 0.038260870
0 0.728205128 0.693043478 0.071794872 0.046956522
0 0.792307692 0.824347826 0.046153846 0.031304348
0 0.835897436 0.841739130 0.051282051 0.038260870
0 0.710256410 0.894782609 0.097435897 0.033043478
